# sample aperture for nrs1, trimming sci_cube[:,:,500:-5] 
# upper_ap, lower_ap trace_pos 
24.708184945539674 18.08259179865856 21.395388372099116
24.696647746461892 18.068620596652217 21.382634171557054
24.685112464757875 18.054661712467503 21.36988708861269
24.673579119246778 18.04071513500764 21.35714712712721
24.662047728722868 18.026780853188903 21.344414290955886
24.65051831195552 18.012858855940582 21.33168858394805
24.638990887689175 17.99894913220499 21.318970009947083
24.627465474643408 17.98505167093748 21.306258572790444
24.615942091512853 17.971166461106417 21.293554276309635
24.60442075696729 17.957293491693218 21.280857124330254
24.59290148965156 17.9434327516923 21.26816712067193
24.581384308185623 17.92958423011112 21.255484269148372
24.56986923116452 17.915747915970176 21.24280857356735
24.558356277158413 17.901923798302963 21.23014003773069
24.54684546471254 17.88811186615603 21.217478665434285
24.53533681234725 17.874312108588942 21.204824460468096
24.523830338557996 17.8605245146743 21.192177426616148
24.512326061815312 17.846749073497723 21.179537567656517
24.500824000564844 17.83298577415786 21.16690488736135
24.48932417322733 17.819234605766383 21.154279389496857
24.477826598198615 17.80549555744801 21.14166107782331
24.466331293849635 17.79176861834047 21.129049956095052
24.454838278526424 17.778053777594522 21.116446028060473
24.443347570550117 17.76435102437395 21.103849297462034
24.431859188216947 17.75066034785558 21.091259768036263
24.420373149798245 17.73698173722925 21.078677443513747
24.408889473540448 17.723315181697835 21.06610232761914
24.397408177665078 17.709660670477227 21.053534424071152
24.385929280368764 17.69601819279636 21.04097373658256
24.37445279982323 17.68238773789718 21.028420268860206
24.36297875417531 17.66876929503468 21.015874024604994
24.35150716154691 17.655162853476863 21.003335007511886
24.340038040035065 17.641568402504763 20.990803221269914
24.328571407711895 17.62798593141245 20.978278669562172
24.317107282624608 17.614415429507016 20.965761356065812
24.30564568279553 17.600856886108573 20.95325128445205
24.29418662622208 17.587310290550285 20.94074845838618
24.28273013087676 17.573775632178315 20.928252881527538
24.271276214707186 17.560252900351863 20.915764557529524
24.259824895636072 17.546742084443167 20.90328349003962
24.24837619156123 17.53324317383748 20.890809682699356
24.236930120355566 17.519756157933095 20.87834313914433
24.225486699867083 17.506281026141316 20.8658838630042
24.214045947918894 17.49281776788649 20.85343185790269
24.2026078823092 17.47936637260599 20.840987127457595
24.191172520811293 17.465926829750195 20.828549675280744
24.179739881173578 17.452499128782545 20.81611950497806
24.168309981119563 17.439083259179483 20.803696620149523
24.15688283834784 17.425679210430495 20.791281024389168
24.14545847053211 17.412286972038086 20.778872721285097
24.134036895321152 17.398906533517774 20.766471714419463
24.12261813033888 17.385537884398147 20.754078007368513
24.111202193184273 17.372181014220782 20.741691603702527
24.099789101431423 17.358835912540297 20.72931250698586
24.08837887262952 17.34550256892433 20.716940720776925
24.07697152430285 17.33218097295356 20.704576248628204
24.065567073950795 17.318871114221686 20.69221909408624
24.054165539047855 17.305572982335438 20.679869260691646
24.042766937043602 17.29228656691457 20.667526751979086
24.03137128536271 17.27901185759186 20.655191571477285
24.01997860140497 17.26574884401312 20.642863722709045
24.008588902545252 17.252497515837195 20.630543209191224
23.99720220613354 17.239257862735943 20.618230034434742
23.98581852949491 17.22602987439426 20.605924201944585
23.974437889929533 17.21281354051007 20.5936257152198
23.96306030471268 17.199608850794316 20.5813345777535
23.95168579109472 17.186415794970973 20.569050793032847
23.94031436630113 17.173234362777052 20.55677436453909
23.92894604753247 17.160064543962577 20.544505295747523
23.917580851964413 17.146906328290616 20.532243590127514
23.90621879674772 17.133759705537248 20.519989251142484
23.894859899008257 17.120624665491587 20.50774228224992
23.883504175846976 17.107501197955774 20.495502686901375
23.872151644339958 17.094389292744985 20.48327046854247
23.860802321538344 17.08128893968741 20.471045630612878
23.8494562244684 17.068200128624287 20.458828176546344
23.838113370131477 17.05512284940985 20.446618109770665
23.826773775504034 17.042057091911392 20.434415433707713
23.81543745753762 17.029002846009213 20.422220151773416
23.804104433158894 17.01596010159665 20.410032267377773
23.7927747192696 17.002928848580076 20.39785178392484
23.781448332746585 16.98990907687886 20.385678704812722
23.770125290441804 16.97690077642544 20.37351303343362
23.758805609182296 16.96390393716525 20.361354773173773
23.747489305770205 16.95091854905677 20.349203927413487
23.736176396982778 16.937944602071497 20.337060499527137
23.724866899572348 16.924982086193957 20.324924492883152
23.713560830266367 16.91203099142171 20.312795910844038
23.702258205767365 16.899091307765346 20.300674756766355
23.690959042752983 16.886163025248468 20.288561034000725
23.67966335787595 16.87324613390771 20.27645474589183
23.668371167764104 16.860340623792748 20.264355895778426
23.657082489020382 16.847446484966284 20.252264486993333
23.645797338222806 16.83456370750401 20.240180522863408
23.63451573192451 16.821692281494713 20.22810400670961
23.62323768665372 16.808832197040143 20.21603494184693
23.611963218913772 16.795983444255114 20.203973331584443
23.60069234518307 16.783146013267455 20.191919179225263
23.58942508191515 16.77031989421803 20.17987248806659
23.578161445538637 16.757505077260728 20.167833261399682
23.566901452457255 16.744701552562464 20.15580150250986
23.55564511904981 16.73190931030317 20.14377721467649
23.544392461670224 16.719128340675827 20.131760401173025
23.533143496647515 16.706358633886435 20.119751065266975
23.5218982402858 16.693600180154014 20.107749210219907
23.51065670886429 16.680852969710614 20.09575483928745
23.499418918637293 16.668116992801327 20.08376795571931
23.488184885834215 16.65539223968424 20.071788562759227
23.47695462665958 16.642678700630515 20.059816663645048
23.465728157292986 16.629976365924307 20.047852261608647
23.45450549388914 16.617285225862805 20.035895359875973
23.443286652577843 16.604605270756227 20.023945961667035
23.43207164946399 16.59193649092781 20.0120040701959
23.4208605006276 16.579278876713847 20.000069688670724
23.409653222123765 16.566632418463634 19.9881428202937
23.398449829982685 16.553997106539494 19.97622346826109
23.387250340209647 16.541372931316786 19.964311635763217
23.376054768785053 16.528759883183895 19.952407325984474
23.364863131664404 16.51615795254224 19.940510542103322
23.353675444778283 16.503567129806257 19.92862128729227
23.342491724032378 16.49098740540341 19.916739564717894
23.33131198530749 16.478418769774198 19.904865377540844
23.32013624445949 16.465861213372136 19.892998728915813
23.30896451731938 16.453314726663784 19.881139621991583
23.297796819693243 16.440779300128714 19.86928805991098
23.286633167362254 16.42825492425954 19.857444045810897
23.275473576082703 16.41574158956189 19.845607582822296
23.26431806158596 16.403239286554417 19.83377867407019
23.25316663957851 16.39074800576882 19.821957322673665
23.24201932574194 16.378267737749812 19.810143531745876
23.230876135732906 16.365798473055136 19.79833730439402
23.219737085183198 16.353340202255566 19.786538643719382
23.20860218969968 16.340892915934898 19.77474755281729
23.19747146486433 16.328456604689954 19.76296403477714
23.186344926234213 16.316031259130597 19.751188092682405
23.1752225893415 16.30361686987971 19.739419729610606
23.164104469693456 16.29121342757319 19.727658948633323
23.15299058277245 16.27882092285999 19.71590575281622
23.14188094403594 16.26643934640206 19.704160145219
23.130775568916498 16.254068688874398 19.692422128895448
23.11967447282178 16.24170894096503 19.680691706893406
23.108577671134544 16.229360093374996 19.66896888225477
23.097485179212647 16.217022136818372 19.65725365801551
23.086397012389046 16.204695062022264 19.645546037205655
23.075313185971794 16.192378859726794 19.633846022849294
23.064233715244058 16.180073520685134 19.622153617964596
23.053158615464074 16.16777903566346 19.610468825563768
23.0420879018652 16.155495395440987 19.598791648653094
23.031021589655882 16.143222590809952 19.587122090232917
23.019959694019676 16.130960612575635 19.575460153297655
23.00890223011522 16.11870945155632 19.56380584083577
22.997849213076258 16.10646909858334 19.5521591558298
22.98680065801164 16.094239544501036 19.540520101256337
22.975756580005292 16.08202078016679 19.52888868008604
22.964716994116273 16.069812796451018 19.517264895283645
22.95368191537872 16.057615584237144 19.505648749807932
22.942651358801854 16.04542913442163 19.494040246611743
22.931625339370026 16.033253437913974 19.482439388642
22.92060387204267 16.02108848563669 19.47084617883968
22.90958697175431 16.008934268525312 19.459260620139812
22.898574653414585 15.996790777528425 19.447682715471505
22.887566931908214 15.984658003607622 19.43611246775792
22.876563822095044 15.97253593773754 19.42454987991629
22.865565338809983 15.960424570905818 19.4129949548579
22.854571496863066 15.948323894113152 19.40144769548811
22.843582311039413 15.936233898373246 19.38990810470633
22.832597796099254 15.924154574712848 19.37837618540605
22.8216179667779 15.912085914171705 19.366851940474803
22.810642837785775 15.900027907802626 19.3553353727942
22.799672423808396 15.887980546671422 19.34382648523991
22.788706739506384 15.875943821856954 19.33232528068167
22.777745799515447 15.863917724451088 19.320831761983268
22.7667896184464 15.851902245558723 19.30934593200256
22.755838210885162 15.83989737629781 19.297867793591486
22.744891591392733 15.827903107799283 19.286397349596008
22.73394977450523 15.815919431207146 19.274934602856188
22.723012774733853 15.803946337678404 19.26347955620613
22.712080606564918 15.791983818383109 19.252032212474013
22.701153284459824 15.780031864504322 19.240592574482072
22.69023082285507 15.768090467238139 19.229160645046605
22.679313236162265 15.756159617793692 19.21773642697798
22.668400538768108 15.744239307393126 19.206319923080617
22.657492745034396 15.732329527271625 19.19491113615301
22.646589869298026 15.720430268677399 19.18351006898771
22.635691925870983 15.708541522871672 19.172116724371328
22.624798929040384 15.69666328112872 19.16073110508455
22.613910893068407 15.684795534735828 19.149353213902117
22.603027832192346 15.672938274993314 19.13798305359283
22.592149760624583 15.661091493214517 19.12662062691955
22.58127669255262 15.649255180725818 19.11526593663922
22.570408642139036 15.637429328866618 19.103918985502826
22.55954562352152 15.625613928989349 19.092579776255434
22.548687650812845 15.613808972459452 19.08124831163615
22.537834738100912 15.60201445065543 19.069924594378172
22.526986899448683 15.590230354968778 19.05860862720873
22.516144148894252 15.578456676804043 19.047300412849147
22.505306500450793 15.566693407578796 19.035999954014795
22.494473968106572 15.554940538723617 19.024707253415094
22.48364656582498 15.543198061682144 19.013422313753562
22.472824307544474 15.531465967911014 19.002145137727744
22.462007207178637 15.519744248879908 18.990875728029273
22.451195278616137 15.50803289607153 18.979614087343833
22.440388535720746 15.49633190098162 18.968360218351183
22.42958699233132 15.484641255118927 18.957114123725123
22.41879066226184 15.472960950005245 18.945875806133543
22.40799955930136 15.46129097717538 18.93464526823837
22.397213697214045 15.449631328177187 18.923422512695616
22.38643308973916 15.437981994571533 18.912207542155347
22.375657750591063 15.42634296793231 18.901000359261687
22.364887693459206 15.41471423984645 18.889800966652828
22.35412293200816 15.403095801913901 18.87860936696103
22.34336347987757 15.39148764574765 18.86742556281261
22.332609350682194 15.3798897629737 18.856249556827947
22.321860558011885 15.368302145231093 18.845081351621488
22.311117115431593 15.356724784171888 18.83392094980174
22.300379036481363 15.345157671461175 18.82276835397127
22.28964633467635 15.333600798777077 18.811623566726713
22.278919023506795 15.322054157810733 18.800486590658764
22.268197116438046 15.310517740266326 18.789357428352186
22.25748062691055 15.298991537861056 18.778236082385803
22.246769568339847 15.28747554232515 18.7671225553325
22.236063954116574 15.275969745401866 18.75601684975922
22.225363797606473 15.264474138847488 18.74491896822698
22.214669112150382 15.252988714431332 18.733828913290857
22.203979911064238 15.241513463935732 18.722746687499985
22.193296207639076 15.230048379156056 18.711672293397566
22.18261801514102 15.218593451900698 18.70060573352086
22.17194534681132 15.207148673991094 18.689547010401206
22.161278215866286 15.195714037261677 18.67849612656398
22.150616635497364 15.184289533559934 18.66745308452865
22.139960618871076 15.172875154746375 18.656417886808725
22.12931017912904 15.16147089269452 18.64539053591178
22.118665329387987 15.150076739290936 18.634371034339463
22.10802608273974 15.138692686435213 18.623359384587477
22.097392452251224 15.12731872603997 18.612355589145597
22.08676445096445 15.115954850030842 18.601359650497646
22.076142091896546 15.104601050346515 18.59037157112153
22.065525388039717 15.093257318938669 18.579391353489193
22.054914352361283 15.081923647772038 18.568419000066662
22.044308997803675 15.070600028824389 18.55745451331403
22.033709337284378 15.059286454086482 18.54649789568543
22.023115383696016 15.04798291556214 18.535549149629077
22.012527149906305 15.0366894052682 18.52460827758725
22.00194464875804 15.025405915234522 18.51367528199628
21.991367893069135 15.014132437504 18.502750165286567
21.9807968956326 15.002868964132555 18.491832929882577
21.970231669216524 14.99161548718913 18.480923578202827
21.95967222656412 14.980371998755704 18.470022112659912
21.949118580393687 14.969138490927278 18.459128535660483
21.93857074339863 14.957914955811889 18.448242849605258
21.92802872824743 14.946701385530584 18.437365056889007
21.9174925475837 14.93549777221746 18.42649515990058
21.90696221402612 14.924304108019616 18.415633161022868
21.896437740168498 14.913120385097207 18.40477906263285
21.885919138579712 14.90194659562339 18.39393286710155
21.875406421803767 14.890782731784375 18.383094576794072
21.86489960235974 14.87962878577937 18.372264194069555
21.854398692741814 14.86848474982063 18.36144172128122
21.843903705419287 14.857350616133443 18.350627160776366
21.83341465283654 14.846226376956107 18.339820514896324
21.82293154741306 14.835112024539965 18.32902178597651
21.812454401543416 14.824007551149368 18.318230976346392
21.801983227597294 14.812912949061708 18.3074480883295
21.791518037919474 14.801828210567407 18.29667312424344
21.781058844829833 14.790753327969906 18.28590608639987
21.77060566062335 14.779688293585682 18.275146977104516
21.76015849757009 14.768633099744228 18.26439579865716
21.749717367915217 14.757587738788068 18.253652553351642
21.739282283879025 14.746552203072769 18.242917243475897
21.728853257656873 14.73552648496691 18.232189871311892
21.718430301419232 14.724510576852099 18.221470439135665
21.708013427311656 14.713504471122969 18.21075894921731
21.69760264745482 14.70250816018719 18.200055403821004
21.687197973944492 14.691521636465467 18.18935980520498
21.676799418851527 14.6805448923915 18.178672155621513
21.66640699422188 14.66957792041205 18.167992457316966
21.656020712076625 14.65862071298689 18.157320712531757
21.645640584411908 14.647673262588825 18.146656923500366
21.635266623198984 14.636735561703683 18.136001092451334
21.624898840384216 14.625807602830324 18.12535322160727
21.61453724788905 14.614889378480637 18.114713313184843
21.604181857610048 14.60398088117954 18.104081369394795
21.59383268141885 14.593082103464969 18.09345739244191
21.583489731162196 14.582193037887883 18.08284138452504
21.573153018661955 14.571313677012299 18.072233347837127
21.56282255571506 14.560444013415228 18.061633284565143
21.552498354093558 14.54958403968673 18.051041196890143
21.54218042554459 14.53873374842988 18.040457086987235
21.531868781790394 14.527893132260786 18.02988095702559
21.521563434528318 14.51706218380859 18.019312809168454
21.511264395430793 14.506240895715443 18.008752645573118
21.500971676145365 14.495429260636547 17.998200468390955
21.490685288294657 14.484627271240107 17.987656279767382
21.480405243476405 14.473834920207374 17.97712008184189
21.470131553263446 14.463052200232628 17.966591876748037
21.459864229203717 14.452279104023168 17.956071666613443
21.449603282820238 14.441515624299317 17.945559453559778
21.43934872561113 14.430761753794425 17.935055239702777
21.429100569049638 14.420017485254888 17.924559027152263
21.418858824584074 14.409282811440118 17.914070818012096
21.408623503637862 14.398557725122545 17.903590614380203
21.39839461760953 14.387842219087641 17.893118418348585
21.38817217787269 14.377136286133897 17.882654232003294
21.377956195776065 14.366439919072834 17.87219805742445
21.367746682643467 14.355753110729001 17.861749896686234
21.35754364977383 14.345075853939989 17.85130975185691
21.347347108441152 14.334408141556384 17.840877624998768
21.337157069894552 14.323749966441826 17.830453518168188
21.326973545358236 14.313101321472972 17.820037433415603
21.31679654603151 14.302462199539507 17.80962937278551
21.3066260830888 14.291832593544159 17.79922933831648
21.296462167679604 14.281212496402663 17.788837332041133
21.286304810928527 14.27060190104379 17.77845335598616
21.27615402393527 14.260000800409335 17.768077412172303
21.26600981777464 14.249409187454123 17.757709502614382
21.255872203496526 14.238827055146002 17.747349629321263
21.245741192125948 14.228254396465871 17.73699779429591
21.235616794662988 14.217691204407622 17.726653999535305
21.225499022082857 14.207137471978202 17.71631824703053
21.215387885335833 14.196593192197565 17.7059905387667
21.205283395347323 14.186058358098705 17.695670876723014
21.195185563017812 14.175532962727647 17.68535926287273
21.185094399222898 14.165016999143432 17.675055699183165
21.17500991481326 14.15451046041813 17.664760187615695
21.164932120614694 14.144013339636855 17.654472730125775
21.15486102742808 14.133525629897722 17.6441933286629
21.144796646029405 14.123047324311898 17.63392198517065
21.13473898716976 14.112578416003567 17.623658701586663
21.124688061575316 14.10211889810994 17.613403479842628
21.11464387994736 14.09166876378125 17.603156321864304
21.104606452962265 14.081228006180774 17.59291722957152
21.094575791271513 14.070796618484803 17.582686204878158
21.08455190550168 14.06037459388266 17.57246324969217
21.07453480625443 14.049961925576692 17.56224836591556
21.064524504106554 14.039558606782283 17.55204155544442
21.05452100960991 14.029164630727838 17.541842820168874
21.04452433329147 14.01877999065478 17.531652161973124
21.034534485653303 14.00840467981758 17.521469582735442
21.024551477172583 13.998038691483732 17.511295084328157
21.01457531830156 13.987682018933732 17.501128668617646
21.00460601946762 13.977334655461146 17.490970337464383
20.994643591073206 13.966996594372532 17.48082009272287
20.984688043495886 13.956667828987491 17.47067793624169
20.97473938708832 13.946348352638651 17.460543869863486
20.96479763217826 13.936038158671662 17.450417895424962
20.954862789068574 13.925737240445212 17.440300014756893
20.944934868037205 13.915445591331002 17.430190229684104
20.93501387933722 13.905163204713782 17.4200885420255
20.92509983319676 13.894890073991307 17.409994953594033
20.91519273981908 13.884626192574371 17.399909466196725
20.905292609382517 13.874371553886785 17.38983208163465
20.895399452040543 13.864126151365419 17.37976280170298
20.885513277921685 13.853889978460128 17.369701628190906
20.875634097129595 13.843663028633824 17.35964856288171
20.86576191974302 13.833445295362434 17.349603607552726
20.85589675581579 13.82323677213492 17.339566763975355
20.846038615376848 13.813037452453251 17.32953803391505
20.83618750843024 13.802847329832463 17.31951741913135
20.8263434449551 13.792666397800588 17.309504921377844
20.816506434905666 13.782494649898691 17.29950054240218
20.806676488211263 13.772332079680869 17.289504283946066
20.796853614776328 13.762178680714246 17.279516147745287
20.787037824480404 13.752034446578978 17.26953613552969
20.7772291271781 13.741899370868236 17.259564249023168
20.767427532699163 13.731773447188235 17.2496004899437
20.757633050848405 13.721656669158198 17.239644860003303
20.747845691405768 13.711549030410401 17.229697360908084
20.73806546412626 13.701450524590118 17.21975799435819
20.728292378740008 13.691361145355678 17.209826762047843
20.71852644495224 13.681280886378424 17.19990366566533
20.708767672443265 13.671209741342722 17.189988706892994
20.699016070868506 13.661147703945973 17.18008188740724
20.68927164985848 13.65109476789861 17.170183208878544
20.6795344190188 13.64105092692408 17.16029267297144
20.669804387930185 13.631016174758877 17.15041028134453
20.66008156614844 13.620990505152502 17.14053603565047
20.650365963204475 13.610973911867493 17.130669937535984
20.640657588604302 13.60096638867942 17.12081198864186
20.63095645182903 13.590967929376873 17.11096219060295
20.621262562334866 13.580978527761477 17.101120545048172
20.61157592955311 13.570998177647876 17.091287053600492
20.601896562890165 13.561026872863746 17.081461717876955
20.592224471727537 13.551064607249796 17.071644539488666
20.58255966542182 13.54111137465975 17.061835520040784
20.57290215330472 13.53116716896037 17.052034661132545
20.563251944683028 13.521231984031441 17.042241964357235
20.55360904883864 13.511305813765784 17.032457431302213
20.543973475028558 13.501388652069233 17.022681063548895
20.53434523248486 13.491480492860653 17.012912862672756
20.524724330414752 13.481581330071958 17.003152830243355
20.515110778000516 13.471691157648056 16.993400967824286
20.505504584399535 13.461809969546902 16.98365727697322
20.49590575874431 13.451937759739483 16.973921759241897
20.48631431014242 13.442074522209808 16.964194416176113
20.476730247676546 13.432220250954904 16.954475249315724
20.46715358040447 13.422374939984834 16.944764260194653
20.45758431735907 13.412538583322693 16.935061450340882
20.448022467548334 13.40271117500459 16.925366821276462
20.438468039955335 13.392892709079685 16.91568037451751
20.428921043538246 13.383083179610137 16.906002111574193
20.419381487230353 13.373282580671159 16.896332033950756
20.40984937994002 13.363490906350975 16.886670143145498
20.40032473055071 13.353708150750828 16.87701644065077
20.390807547921014 13.343934307985021 16.86737092795302
20.38129784088459 13.334169372180856 16.857733606532722
20.371795618250204 13.324413337478674 16.84810447786444
20.362300888801727 13.314666198031839 16.838483543416782
20.352813661298118 13.304927948006746 16.828870804652432
20.34333394447344 13.29519858158282 16.81926626302813
20.33386174703686 13.285478092952504 16.809669919994683
20.324397077672636 13.27576647632128 16.800081776996958
20.314939945040123 13.266063725907651 16.790501835473886
20.305490357773778 13.256369835943147 16.780930096858462
20.296048324483163 13.246684800672337 16.77136656257775
20.286613853752925 13.237008614352796 16.76181123405286
20.277186954142824 13.227341271255145 16.752264112698985
20.267767634187706 13.21768276566303 16.742725199925367
20.25835590239751 13.208033091873107 16.733194497135308
20.248951767257306 13.198392244195094 16.7236720057262
20.23955523722723 13.188760216951707 16.714157727089468
20.230166320742523 13.179137004478694 16.70465166261061
20.220785026213534 13.169522601124847 16.69515381366919
20.211411362025697 13.159917001251959 16.685664181638828
20.20204533653957 13.150320199234883 16.676182767887227
20.192686958090775 13.140732189461474 16.666709573776124
20.18333623499006 13.131152966332621 16.65724460066134
20.17399317552325 13.121582524262244 16.647787849892747
20.164657787951295 13.1120208576773 16.638339322814296
20.155330080510215 13.102467961017748 16.62889902076398
20.146010061411147 13.092923828736595 16.61946694507387
20.136697738840326 13.083388455299875 16.6100430970701
20.127393120959074 13.073861835186637 16.600627478072855
20.11809621590381 13.06434396288897 16.59122008939639
20.108807031786085 13.054834832911993 16.58182093234904
20.0995255766925 13.04533443977383 16.572430008233166
20.090251858684784 13.035842778005655 16.56304731834522
20.08098588579977 13.026359842151678 16.553672863975724
20.071727666049362 13.016885626769103 16.544306646409233
20.062477207420578 13.007420126428178 16.53494866692438
20.053234517875552 12.9979633357122 16.525598926793876
20.04399960535149 12.98851524921746 16.516257427284476
20.0347724777607 12.979075861553294 16.506924169656997
20.0255531429906 12.969645167342062 16.49759915516633
20.016341608903705 12.960223161219158 16.48828238506143
20.007137883337613 12.950809837832992 16.478973860585302
19.99794197410504 12.941405191845007 16.469673582975023
19.988753888993795 12.93200921792968 16.460381553461737
19.979573635766776 12.922621910774504 16.45109777327064
19.97040122216199 12.913243265080006 16.441822243620997
19.961236655892534 12.903873275559745 16.43255496572614
19.95207994464662 12.894511936940297 16.42329594079346
19.94293109608754 12.885159243961278 16.41404517002441
19.93379011785369 12.875815191375317 16.404802654614503
19.924657017558566 12.866479773948084 16.395568395753326
19.91553180279077 12.85715298645827 16.38634239462452
19.906414481113984 12.847834823697594 16.37712465240579
19.89730506006701 12.838525280470801 16.367915170268905
19.88820354716373 12.829224351595672 16.358713949379702
19.879109949893145 12.819932031903011 16.34952099089808
19.87002427571932 12.810648316236634 16.340336295977977
19.860946532081456 12.801373199453408 16.331159865767432
19.851876726393844 12.792106676423227 16.321991701408535
19.842814866045856 12.782848742028996 16.312831804037426
19.83376095840197 12.773599391166652 16.30368017478431
19.824715010801768 12.764358618745161 16.294536814773465
19.815677030559943 12.755126419686537 16.28540172512324
19.806647024966253 12.74590278892579 16.27627490694602
19.797625001285585 12.73668772141097 16.267156361348277
19.7886109667579 12.727481212103157 16.25804608943053
19.77960492859828 12.718283255976456 16.248944092287367
19.770606893996906 12.709093848018016 16.23985037100746
19.76161687011902 12.699912983227977 16.230764926673498
19.75263486410502 12.690740656619546 16.221687760362283
19.743660883070344 12.681576863218925 16.212618873144635
19.734694934105576 12.67242159806537 16.203558266085473
19.72573702427638 12.66327485621115 16.194505940243765
19.716787160623504 12.65413663272156 16.185461896672532
19.707845350162824 12.645006922674934 16.17642613641888
19.69891159988528 12.63588572116262 16.16739866052395
19.68998591675695 12.626773023289006 16.15837947002298
19.681068307718984 12.617668824171506 16.149368565945245
19.672158779687628 12.608573118940548 16.140365949314088
19.66325733955424 12.599485902739605 16.131371621146922
19.654363994185275 12.59040717072517 16.122385582455223
19.645478750422278 12.581336918066754 16.113407834244516
19.636601615081897 12.572275139946914 16.104438377514406
19.627732594955887 12.56322183156123 16.095477213258558
19.618871696811084 12.554176988118293 16.08652434246469
19.61001892738944 12.54514060483975 16.077579766114596
19.601174293407997 12.536112676960247 16.068643485184122
19.59233780155888 12.527093199727465 16.059715500643172
19.58350945850935 12.518082168402142 16.050795813455746
19.574689270901743 12.509079578258003 16.041884424579873
19.565877245353484 12.500085424581812 16.032981334967648
19.557073388457113 12.491099702673381 16.024086545565247
19.54827770678026 12.482122407845518 16.01520005731289
19.53949020686567 12.473153535424093 16.00632187114488
19.530710895231163 12.464193080747973 15.997451987989567
19.52193977836967 12.455241039169074 15.988590408769372
19.51317686274922 12.446297406052322 15.979737134400771
19.50442215481294 12.437362176775686 15.970892165794313
19.49567566097905 12.42843534673015 15.9620555038546
19.48693738764088 12.41951691131974 15.953227149480309
19.478207341166847 12.410606865961496 15.94440710356417
19.46948552790047 12.401705206085492 15.935595366992981
19.460771954160375 12.39281192713483 15.926791940647602
19.452066626240274 12.38392702456564 15.917996825402957
19.443369550408985 12.375050493847073 15.909210022128029
19.43468073291042 12.366182330461317 15.900431531685868
19.426000179963598 12.357322529903582 15.89166135493359
19.417327897762622 12.348471087682109 15.882899492722366
19.408663892476703 12.33962799931815 15.874145945897427
19.40000817025015 12.330793260346017 15.865400715298083
19.391360737202383 12.321966866313034 15.856663801757708
19.38272159942789 12.31314881277953 15.84793520610371
19.37409076299628 12.304339095318896 15.839214929157588
19.36546823395226 12.29553770951754 15.8305029717349
19.35685401831563 12.286744650974883 15.821799334645256
19.34824812208128 12.27795991530339 15.813104018692336
19.339650551219226 12.269183498128552 15.804417024673889
19.33106131167455 12.26041539508888 15.795738353381715
19.322480409367447 12.251655601835912 15.78706800560168
19.31390785019322 12.242904114034229 15.778405982113725
19.305343640022258 12.234160927361422 15.76975228369184
19.296787784700044 12.225426037508115 15.76110691110408
19.288240290047177 12.216699440177967 15.752469865112573
19.27970116185934 12.207981131087651 15.743841146473494
19.27117040590732 12.199271105966886 15.735220755937103
19.262648027936997 12.190569360558392 15.726608694247695
19.254134033669363 12.181875890617949 15.718004962143656
19.245628428800497 12.173190691914344 15.709409560357422
19.237131219001576 12.164513760229388 15.700822489615481
19.228642409918876 12.155845091357934 15.692243750638406
19.220162007173784 12.147184681107854 15.683673344140818
19.21169001636277 12.138532525300054 15.675111270831412
19.203226443057403 12.129888619768456 15.66655753141293
19.19477129280437 12.121252960360023 15.658012126582195
19.18632457112543 12.112625542934737 15.649475057030083
19.177886283517452 12.104006363365606 15.64094632344153
19.169456435452414 12.095395417538679 15.632425926495547
19.161035032377377 12.08679270135302 15.623913866865198
19.152622079714508 12.078198210720718 15.615410145217613
19.144217582861067 12.0696119415669 15.606914762213984
19.135821547189423 12.061033889829716 15.59842771850957
19.127433978047033 12.052464051460344 15.589949014753689
19.11905488075645 12.043902422422988 15.58147865158972
19.110684260615347 12.035348998694888 15.573016629655118
19.10232212289647 12.026803776266298 15.564562949581385
19.093968472847678 12.018266751140503 15.55611761199409
19.08562331569192 12.009737919333828 15.547680617512874
19.077286656627255 12.001217276875611 15.539251966751433
19.06895850082682 11.992704819808221 15.53083166031752
19.06063885343888 11.984200544187065 15.522419698812973
19.052327719586774 11.97570444608056 15.514016082833667
19.044025104368952 11.967216521570169 15.50562081296956
19.035731012858953 11.958736766750365 15.497233889804658
19.027445450105425 11.950265177728665 15.488855313917046
19.019168421132107 11.941801750625597 15.480485085878852
19.010899930937843 11.933346481574736 15.47212320625629
19.002639984496565 11.924899366722665 15.463769675609615
18.994388586757324 11.916460402229015 15.455424494493169
18.986145742644236 11.90802958426642 15.447087663455328
18.977911457056546 11.89960690902056 15.438759183038554
18.969685734868587 11.891192372690142 15.430439053779365
18.961468580929793 11.882785971486895 15.422127276208343
18.95326000006468 11.874387701635568 15.413823850850125
18.945059997072896 11.865997559373959 15.405528778223427
18.936868576729154 11.857615540952871 15.397242058841012
18.928685743783284 11.849241642636155 15.38896369320972
18.920511502960203 11.840875860700665 15.380693681830433
18.91234585895994 11.83251819143631 15.372432025198126
18.904188816457623 11.824168631146012 15.364178723801817
18.896040380103454 11.815827176145714 15.355933778124584
18.887900554522766 11.807493822764402 15.347697188643584
18.87976934431596 11.799168567344074 15.339468955830018
18.871646754058574 11.790851406239781 15.331249080149178
18.863532788301203 11.782542335819569 15.323037562060385
18.85542745156956 11.77424135246453 15.314834402017045
18.84733074836446 11.765948452568786 15.306639600466623
18.839242683161807 11.75766363253947 15.298453157850638
18.831163260412616 11.74938688879677 15.290275074604693
18.82309248454299 11.74111821777388 15.282105351158435
18.815030359954132 11.732857615917023 15.273943987935578
18.806976891022348 11.72460507968546 15.265790985353904
18.79893208209903 11.716360605551463 15.257646343825247
18.790895937510694 11.708124190000358 15.249510063755526
18.782868461558927 11.69989582953047 15.241382145544698
18.774849658520427 11.691675520653169 15.233262589586797
18.766839532646987 11.683463259892847 15.225151396269917
18.75883808816551 11.675259043786925 15.217048565976219
18.750845329277986 11.66706286888585 15.208954099081918
18.742861260161497 11.658874731753102 15.2008679959573
18.73488588496825 11.650694628965184 15.192790256966717
18.72691920782552 11.64252255711163 15.184720882468575
18.71896123283569 11.634358512794984 15.176659872815337
18.71101196407626 11.62620249263085 15.168607228353554
18.703071405599797 11.61805449324783 15.160562949423813
18.695139561433997 11.60991451128757 15.152527036360784
18.68721643558164 11.601782543404747 15.144499489493192
18.67930203202059 11.593658586267042 15.136480309143815
18.67139635470384 11.585542636555193 15.128469495629517
18.66349940755946 11.577434690962942 15.120467049261201
18.65561119449063 11.569334746197077 15.112472970343852
18.647731719375617 11.561242798977405 15.104487259176512
18.639860986067795 11.553158846036755 15.096509916052275
18.631998998395634 11.54508288412099 15.088540941258312
18.624145760162705 11.537014909989004 15.080580335075854
18.616301275147677 11.528954920412723 15.0726280977802
18.60846554710431 11.520902912177071 15.06468422964069
18.60063857976147 11.512858882080039 15.056748730920754
18.59282037682312 11.504822826932623 15.048821601877872
18.585010941968324 11.496794743558848 15.040902842763586
18.57721027885124 11.488774628795769 15.032992453823503
18.569418391101127 11.480762479493482 15.025090435297304
18.561635282322342 11.47275829251508 15.01719678741871
18.55386095609434 11.464762064736714 15.009311510415527
18.54609541597167 11.456773793047544 15.001434604509608
18.53833866548399 11.448793474349769 14.99356606991688
18.530590708136057 11.440821105558609 14.985705906847333
18.522851547407715 11.432856683602317 14.977854115505016
18.51512118675391 11.424900205422158 14.970010696088034
18.50739962960468 11.416951667972445 14.962175648788563
18.49968687936519 11.409011068220511 14.95434897379285
18.491982939415667 11.401078403146716 14.946530671281192
18.48428781311146 11.393153669744445 14.938720741427954
18.476601503783016 11.385236865020115 14.930919184401565
18.46892401473586 11.377327985993164 14.923126000364512
18.461255349250642 11.36942702969607 14.915341189473356
18.453595510583085 11.361533993174318 14.907564751878702
18.44594450196404 11.353648873486447 14.899796687725244
18.43830232659943 11.345771667704007 14.892036997151719
18.43066898767028 11.337902372911566 14.884285680290924
18.42304448833274 11.33004098620675 14.876542737269745
18.415428831718025 11.322187504700189 14.868808168209107
18.407822020932457 11.314341925515539 14.861081973223998
18.40022405905748 11.306504245789501 14.85336415242349
18.392634949149596 11.298674462671787 14.845654705910691
18.38505469424045 11.29085257332515 14.8379536337828
18.377483297336745 11.283038574925357 14.830260936131051
18.369920761420307 11.275232464661212 14.82257661304076
18.362367089448064 11.26743423973455 14.814900664591308
18.35482228435202 11.25964389736022 14.807233090856121
18.347286349039297 11.25186143476611 14.799573891902703
18.339759286392106 11.24408684919313 14.791923067792617
18.332241099267755 11.23632013789522 14.784280618581487
18.324731790498667 11.22856129813935 14.776646544319009
18.317231362892343 11.220810327205516 14.76902084504893
18.30973981923139 11.213067222386734 14.761403520809061
18.30225716227352 11.20533198098906 14.753794571631289
18.29478339475153 11.19760460033157 14.74619399754155
18.287318519373333 11.18988507774637 14.73860179855985
18.279862538821924 11.18217341057859 14.731017974700256
18.272415455755404 11.174469596186395 14.7234425259709
18.264977272806977 11.166773631940973 14.715875452373975
18.257547992584936 11.15908551522654 14.708316753905738
18.25012761767268 11.15140524344033 14.700766430556504
18.2427161506287 11.143732813992628 14.693224482310663
18.235313593986596 11.136068224306731 14.685690909146663
18.227919950255046 11.128411471818954 14.678165711037
18.220535221917856 11.120762553978665 14.67064888794826
18.213159411433903 11.11312146824823 14.663140439841067
18.205792521237182 11.105488212103074 14.655640366670129
18.198434553736767 11.09786278303162 14.648148668384193
18.191085511316864 11.09024517853535 14.640665344926106
18.183745396336732 11.082635396128737 14.633190396232735
18.176414211130762 11.07503343333931 14.625723822235036
18.169091958008433 11.067439287707614 14.618265622858024
18.16177863925433 11.05985295678723 14.610815798020779
18.154474257128122 11.052274438144757 14.60337434763644
18.147178813864585 11.044703729359824 14.595941271612205
18.13989231167359 11.037140828025088 14.58851656984934
18.13261475274011 11.029585731746225 14.581100242243169
18.12534613922423 11.02203843814197 14.5736922886831
18.1180864732611 11.01449894484405 14.566292709052576
18.110835756961006 11.00696724949724 14.558901503229123
18.103593992409298 10.999443349759327 14.551518671084313
18.096361181666442 10.991927243301134 14.544144212483788
18.089137326768014 10.984418927806523 14.536778127287269
18.08192242972467 10.976918400972368 14.529420415348518
18.074716492522157 10.969425660508568 14.522071076515363
18.067519517121355 10.961940704138065 14.51473011062971
18.06033150545821 10.954463529596818 14.507397517527513
18.05315245944378 10.946994134633822 14.500073297038801
18.045982380964222 10.939532517011088 14.492757448987655
18.038821271880778 10.932078674503655 14.485449973192217
18.031669134029816 10.924632604899605 14.47815086946471
18.024525969222772 10.917194306000031 14.470860137611401
18.017391779246207 10.90976377561907 14.463577777432638
18.01026656586176 10.902341011583866 14.456303788722812
18.003150330806175 10.894926011734608 14.449038171270391
17.996043075791302 10.887518773924501 14.441780924857902
17.98894480250408 10.880119296019789 14.434532049261934
17.98185551260655 10.872727575899734 14.427291544253142
17.97477520773585 10.865343611456623 14.420059409596236
17.96770388950422 10.85796740059579 14.412835645050006
17.960641559499003 10.850598941235575 14.405620250367289
17.953588219282622 10.843238231307351 14.398413225294988
17.946543870392624 10.83588526875553 14.391214569574077
17.939508514341625 10.828540051537534 14.38402428293958
17.93248215261737 10.821202577623833 14.376842365120602
17.92546478668268 10.813872844997901 14.369668815840292
17.91845641797549 10.806550851656262 14.362503634815877
17.91145704790882 10.79923659560845 14.355346821758635
17.9044666778708 10.791930074877042 14.34819837637392
17.897485309224642 10.784631287497625 14.341058298361133
17.89051294330868 10.77734023151883 14.333926587413753
17.883549581436334 10.770056905002315 14.326803243219324
17.876595224896107 10.762781306022742 14.319688265459424
17.869649874951637 10.755513432667833 14.312581653809735
17.862713532841628 10.748253283038322 14.305483407939976
17.8557861997799 10.741000855247968 14.298393527513934
17.848867876955364 10.73375614742356 14.291312012189461
17.84195856553202 10.726519157704914 14.284238861618467
17.835058266649 10.719289884244883 14.277174075446942
17.828166981420498 10.712068325209337 14.270117653314918
17.82128471093582 10.704854478777172 14.263069594856496
17.81441145625938 10.697648343140322 14.25602989969985
17.80754721843067 10.690449916503741 14.248998567467206
17.800691998464305 10.683259197085412 14.241975597774859
17.79384579734998 10.676076183116347 14.234960990233164
17.787008616052493 10.668900872840577 14.227954744446535
17.780180455511747 10.661733264515185 14.220956860013466
17.77336131664273 10.654573356410246 14.213967336526489
17.76655120033555 10.647421146808899 14.206986173572224
17.75975010745539 10.640276634007282 14.200013370731336
17.75295803884254 10.633139816314571 14.193048927578555
17.7461749953124 10.626010692052985 14.186092843682694
17.739400977655453 10.618889259557736 14.179145118606595
17.73263598663729 10.611775517177097 14.172205751907194
17.7258800229986 10.604669463272351 14.165274743135475
17.719133087455155 10.597571096217813 14.158352091836484
17.71239518069785 10.590480414400826 14.151437797549338
17.705666303392665 10.58339741622176 14.144531859807213
17.69894645618068 10.576322100094014 14.137634278137346
17.692235639678067 10.569254464444013 14.13074505206104
17.685533854476102 10.562194507711201 14.123864181093651
17.67884110114118 10.555142228348082 14.116991664744631
17.672157380214756 10.548097624820137 14.110127502517447
17.665482692213413 10.541060695605921 14.103271693909667
17.658817037628808 10.534031439196983 14.096424238412895
17.652160416927728 10.52700985409793 14.089585135512829
17.64551283055203 10.519995938826362 14.082754384689196
17.638874278918692 10.51298969191295 14.07593198541582
17.632244762419766 10.505991111901341 14.069117937160554
17.625624281422425 10.499000197348256 14.06231223938534
17.619012836268933 10.492016946823421 14.055514891546176
17.61241042727664 10.485041358909582 14.04872589309311
17.60581705473801 10.478073432202534 14.041945243470273
17.599232718920604 10.471113165311078 14.03517294211584
17.59265742006708 10.464160556857074 14.028408988462077
17.586091158395188 10.457215605475369 14.021653381935279
17.579533934097782 10.450278309813866 14.014906121955825
17.572985747342823 10.443348668533492 14.008167207938158
17.566446598273348 10.436426680308191 14.00143663929077
17.559916487007506 10.429512343824936 13.99471441541622
17.55339541363856 10.422605657783746 13.988000535711153
17.546883378234845 10.415706620897645 13.981294999566245
17.540380380839803 10.408815231892692 13.974597806366248
17.533886421471987 10.401931489507986 13.967908955489985
17.527401500125023 10.395055392495625 13.961228446310324
17.52092561676767 10.388186939620772 13.95455627819422
17.51445877134375 10.381326129661582 13.947892450502668
17.50800096377221 10.374472961409266 13.94123696259074
17.501552193947088 10.367627433668044 13.934589813807566
17.495112461737506 10.360789545255164 13.927951003496334
17.48868176698771 10.353959295000925 13.921320530994317
17.48226010951702 10.347136681748621 13.91469839563282
17.47584748911987 10.340321704354594 13.908084596737233
17.469443905565793 10.333514361688207 13.901479133627
17.463049358599402 10.326714652631848 13.894882005615626
17.45666384794044 10.31992257608095 13.888293212010696
17.450287373283732 10.313138130943955 13.881712752113843
17.443919934299174 10.306361316142324 13.875140625220748
17.43756153063181 10.299592130610579 13.868576830621194
17.431212161901747 10.292830573296232 13.86202136759899
17.424871827704216 10.286076643159863 13.85547423543204
17.418540527609522 10.279330339175036 13.84893543339228
17.412218261163083 10.272591660328374 13.842404960745728
17.40590502788542 10.265860605619519 13.83588281675247
17.39960082727213 10.259137174061138 13.829369000666635
17.393305658793935 10.252421364678918 13.822863511736427
17.38701952189664 10.245713176511597 13.816366349204118
17.380742416001148 10.239012608610913 13.80987751230603
17.37447434050348 10.232319660041657 13.803397000272568
17.36821529477472 10.225634329881629 13.796924812328175
17.36196527816108 10.218956617221654 13.790460947691367
17.35572428998387 10.212286521165613 13.78400540557474
17.349492329539473 10.20562404083038 13.777558185184926
17.343269396099405 10.198969175345876 13.77111928572264
17.337055488910252 10.192321923855049 13.76468870638265
17.33085060719371 10.185682285513867 13.758266446353788
17.32465475014658 10.17905025949133 13.751852504818954
17.31846791694074 10.172425844969466 13.745446880955104
17.312290106723204 10.165809041143334 13.739049573933269
17.30612131861604 10.159199847221007 13.732660582918523
17.299961551716446 10.152598262423602 13.726279907070024
17.293810805096708 10.146004285985256 13.719907545540982
17.28766907780421 10.139417917153136 13.713543497478673
17.281536368861435 10.132839155187428 13.707187762024432
17.275412677265965 10.126267999361357 13.700840338313661
17.269298001990485 10.119704448961176 13.69450122547583
17.263192341982766 10.113148503286151 13.688170422634458
17.257095696165692 10.106600161648595 13.681847928907144
17.25100806343724 10.100059423373835 13.675533743405538
17.244929442670486 10.093526287800234 13.66922786523536
17.238859832713594 10.087000754279169 13.662930293496382
17.23279923238984 10.080482822175055 13.656641027282449
17.2267476404976 10.07397249086534 13.65036006568147
17.22070505581034 10.067469759740495 13.644087407775416
17.214671477076624 10.060974628204013 13.637823052640318
17.208646903020114 10.05448709567241 13.631566999346262
17.202631332339585 10.048007161575253 13.62531924695742
17.196624763708893 10.041534825355113 13.619079794532004
17.190627195777 10.035070086467595 13.612848641122298
17.184638627167974 10.028612944381347 13.60662578577466
17.17865905648096 10.022163398578014 13.600411227529488
17.172688482290226 10.015721448552302 13.594204965421264
17.166726903145115 10.009287093811913 13.588006998478514
17.16077431757009 10.002860333877601 13.581817325723847
17.15483072406471 9.996441168283141 13.575635946173925
17.14889612110361 9.990029596575333 13.569462858839472
17.14297050713655 9.983625618314 13.563298062725275
17.13705388058838 9.97722923307201 13.557141556830194
17.13114623985903 9.970840440435225 13.550993340147128
17.125247583323567 9.964459240002572 13.54485341166307
17.119357909332123 9.958085631385991 13.538721770359057
17.113477216209944 9.951719614210445 13.532598415210193
17.107605502257364 9.945361188113925 13.526483345185644
17.101742765749826 9.93901035274745 13.520376559248637
17.09588900493786 9.932667107775073 13.514278056356467
17.090044218047122 9.926331452873878 13.5081878354605
17.08420840327833 9.920003387733956 13.502105895506142
17.078381558807326 9.913682912058455 13.49603223543289
17.072563682785034 9.907370025563523 13.489966854174279
17.066754773337482 9.90106472797834 13.483909750657912
17.06095482856581 9.894767019045137 13.477860923805473
17.055163846546243 9.888476898519153 13.471820372532697
17.049381825330094 9.882194366168651 13.465788095749373
17.043608762943794 9.87591942177493 13.459764092359363
17.037844657388874 9.869652065132321 13.453748361260597
17.032089506641952 9.863392296048177 13.447740901345064
17.02634330865474 9.857140114342872 13.441741711498807
17.02060606135406 9.850895519849818 13.435750790601938
17.014877762641838 9.84465851241546 13.429768137528649
17.00915841039507 9.83842909189924 13.423793751147155
17.003448002465888 9.832207258173668 13.417827630319778
16.997746536681497 9.825993011124254 13.411869773902875
16.99205401084421 9.81978635064955 13.40592018074688
16.986370422731426 9.813587276661119 13.399978849696273
16.98069577009567 9.807395789083575 13.394045779589623
16.975030050664536 9.801211887854542 13.388120969259539
16.96937326214074 9.795035572924679 13.382204417532709
16.963725402202066 9.788866844257658 13.376296123229862
16.95808646850144 9.782705701830217 13.370396085165828
16.952456458666838 9.776552145632069 13.364504302149454
16.946835370301383 9.770406175665993 13.358620772983688
16.941223200983256 9.76426779194779 13.352745496465523
16.935619948265757 9.758136994506266 13.346878471386011
16.930025609677287 9.752013783383289 13.341019696530287
16.924440182721323 9.745898158633722 13.335169170677522
16.918863664876472 9.739790120325477 13.329326892600974
16.91329605359642 9.733689668539489 13.323492861067955
16.90773734630996 9.727596803369721 13.317667074839841
16.902187540420968 9.721511524923148 13.311849532672058
16.89664663330844 9.715433833319802 13.30604023331412
16.891114622326448 9.709363728692715 13.300239175509581
16.885591504804182 9.703301211187956 13.294446357996069
16.880077278045935 9.697246280964645 13.28866177950529
16.874571939331066 9.69119893819488 13.282885438762973
16.86907548591406 9.68515918306383 13.277117334488944
16.8635879150245 9.679127015769676 13.271357465397088
16.858109223867057 9.673102436523624 13.26560583019534
16.852639409621506 9.667085445549917 13.259862427585713
16.847178469442714 9.661076043085812 13.254127256264264
16.841726400460654 9.655074229381597 13.248400314921126
16.836283199780404 9.649080004700608 13.242681602240506
16.830848864482117 9.643093369319178 13.236971116900648
16.825423391621072 9.637114323526689 13.23126885757388
16.820006778227626 9.631142867625535 13.22557482292658
16.81459902130725 9.625179001931158 13.219889011619204
16.809200117840497 9.619222726772012 13.214211422306255
16.80381006478303 9.613274042489572 13.2085420536363
16.798428859065616 9.607332949438367 13.202880904251991
16.793056497594094 9.601399447985923 13.197227972790008
16.787692977249435 9.595473538512815 13.191583257881126
16.782338294887698 9.589555221412645 13.185946758150171
16.77699244734002 9.583644497092024 13.180318472216022
16.771655431412665 9.577741365970615 13.174698398691639
16.76632724388697 9.571845828481083 13.169086536184027
16.761007881519397 9.565957885069148 13.163482883294273
16.75569734104149 9.560077536193537 13.157887438617513
16.75039561915989 9.554204782326012 13.15230020074295
16.745102712556342 9.548339623951367 13.146721168253855
16.739818617887693 9.542482061567412 13.141150339727552
16.734543331785872 9.53663209568499 13.13558771373543
16.729276850857936 9.53078972682798 13.130033288842958
16.72401917168601 9.524954955533277 13.124487063609642
16.718770290827333 9.519127782350811 13.118949036589072
16.713530204814248 9.513308207843538 13.113419206328892
16.708298910154177 9.507496232587433 13.107897571370804
16.703076403329657 9.501691857171515 13.102384130250586
16.697862680798323 9.49589508219782 13.096878881498071
16.692657738992903 9.49010590828141 13.091381823637157
16.68746157432122 9.484324336050378 13.085892955185798
16.682274183166193 9.478550366145843 13.080412274656018
16.67709556188587 9.472783999221964 13.074939780553917
16.671925706813347 9.467025235945899 13.069475471379624
16.66676461425687 9.461274076997867 13.064019345627369
16.661612280499742 9.455530523071095 13.058571401785418
16.656468701800385 9.449794574871834 13.05313163833611
16.651333874392325 9.444066233119381 13.047700053755852
16.646207794484166 9.438345498546042 13.042276646515104
16.641090458259633 9.432632371897164 13.036861415078398
16.635981861877536 9.426926853931118 13.031454357904327
16.63088200147178 9.421228945419287 13.026055473445533
16.625790873151384 9.415538647146114 13.02066476014875
16.620708473000445 9.409855959909036 13.015282216454741
16.61563479707818 9.404180884518544 13.009907840798363
16.610569841418894 9.398513421798135 13.004541631608515
16.605513602031984 9.392853572584352 12.999183587308167
16.600466074901952 9.387201337726752 12.993833706314353
16.595427255988415 9.381556718087936 12.988491987038175
16.590397141226045 9.375919714543496 12.98315842788477
16.585375726524664 9.370290327982108 12.977833027253386
16.58036300776916 9.364668559305425 12.972515783537293
16.57535898081953 9.359054409428163 12.967206695123847
16.57036364151086 9.353447879278027 12.961905760394442
16.565376985653348 9.347848969795795 12.956612977724571
16.560399009032285 9.34225768193524 12.951328345483763
16.555429707408067 9.336674016663183 12.946051862035624
16.550469076516162 9.331097974959446 12.940783525737805
16.54551711206717 9.325529557816907 12.935523334942038
16.540573809746782 9.31996876624146 12.93027128799412
16.53563916521576 9.314415601252017 12.925027383233889
16.530713174110005 9.30887006388054 12.919791618995273
16.525795832040487 9.303332155171997 12.914563993606242
16.52088713459329 9.297801876184396 12.909344505388843
16.51598707732959 9.29227922798877 12.90413315265918
16.511095655785656 9.286764211669169 12.898929933727413
16.50621286547287 9.281256828322693 12.893734846897782
16.501338701877703 9.275757079059453 12.888547890468578
16.496473160461733 9.270264965002593 12.883369062732163
16.491616236661613 9.264780487288274 12.878198361974944
16.486767925889126 9.259303647065707 12.873035786477416
16.48192822353113 9.253834445497104 12.867881334514117
16.477097124949594 9.248372883757723 12.862735004353658
16.47227462548158 9.24291896303585 12.857596794258717
16.467460720439256 9.237472684532786 12.852466702486021
16.462655405109878 9.23203404946287 12.847344727286373
16.457858674755805 9.226603059053467 12.842230866904636
16.453070524614496 9.221179714544967 12.837125119579731
16.448290949898507 9.215764017190784 12.832027483544644
16.443519945795494 9.210355968257373 12.826937957026432
16.43875750746821 9.204955569024202 12.821856538246205
16.434003630054498 9.199562820783767 12.816783225419133
16.42925830866733 9.194177724841616 12.811718016754472
16.424521538394732 9.188800282516283 12.806660910455507
16.419793314299863 9.183430495139362 12.801611904719612
16.41507363142097 9.178068364055473 12.796570997738222
16.410362484771394 9.172713890622244 12.791538187696819
16.40565986933958 9.167367076210349 12.786513472774963
16.400965780089063 9.162027922203478 12.78149685114627
16.39628021195849 9.156696429998357 12.776488320978425
16.391603159861607 9.15137260100474 12.771487880433172
16.386934618687228 9.146056436645388 12.766495527666308
16.382274583299314 9.14074793835613 12.76151126082772
16.377623048536876 9.135447107585778 12.756535078061328
16.372980009214068 9.130153945796208 12.751566977505137
16.368345460120103 9.124868454462298 12.7466069572912
16.363719396019327 9.119590635071972 12.74165501554565
16.359101811651158 9.114320489126165 12.736711150388661
16.354492701730123 9.109058018138851 12.731775359934487
16.349892060945844 9.10380322363703 12.726847642291437
16.345299883963055 9.098556107160727 12.72192799556189
16.34071616542157 9.093316670262999 12.717016417842284
16.336140899936318 9.088084914509928 12.712112907223123
16.331574082097312 9.082860841480617 12.707217461788964
16.327015706469663 9.077644452767203 12.702330079618433
16.3224657675936 9.072435749974856 12.697450758784226
16.317924259984427 9.067234734721762 12.692579497353094
16.31339117813257 9.062041408639153 12.687716293385861
16.30886651650353 9.056855773371264 12.682861144937398
16.304350269537927 9.05167783057537 12.678014050056648
16.299842431651456 9.046507581921777 12.673175006786616
16.295342997234933 9.041345029093813 12.668344013164372
16.290851960654262 9.03619017378784 12.663521067221051
16.286369316250454 9.031043017713241 12.658706166981847
16.2818950583396 9.025903562592427 12.653899310466015
16.27742918121291 9.02077181016084 12.649100495686875
16.272971679136685 9.015647762166951 12.644309720651817
16.268522546352315 9.010531420372251 12.639526983362284
16.26408177707631 9.005422786551268 12.634752281813789
16.259649365500245 9.000321862491543 12.629985613995894
16.25522530579083 8.995228649993667 12.625226977892249
16.25080959208986 8.990143150871244 12.620476371480551
16.246402218514216 8.985065366950902 12.61573379273256
16.242003179155887 8.979995300072304 12.610999239614095
16.237612468081974 8.974932952088146 12.60627271008506
16.23323007933465 8.969878324864133 12.601554202099392
16.228856006931206 8.96483142027902 12.596843713605113
16.224490244864022 8.959792240224573 12.592141242544297
16.220132787100592 8.9547607866056 12.587446786853096
16.215783627583477 8.949737061339913 12.582760344461695
16.21144276023037 8.94472106635838 12.578081913294374
16.207110178934045 8.939712803604875 12.573411491269459
16.20278587756238 8.934712275036317 12.568749076299348
16.198469849958347 8.929719482622641 12.564094666290494
16.19416208994002 8.924734428346799 12.559448259143409
16.189862591300567 8.919757114204803 12.554809852752685
16.185571347808267 8.914787542205666 12.550179445006966
16.181288353206483 8.909825714371431 12.545557033788956
16.17701360121368 8.904871632737184 12.540942616975432
16.172747085523433 8.89992529935102 12.536336192437226
16.168488799804393 8.894986716274072 12.531737758039233
16.164238737700334 8.8900558855805 12.527147311640418
16.159996892830115 8.885132809357488 12.5225648510938
16.155763258787687 8.880217489705252 12.51799037424647
16.15153782914212 8.875309928737039 12.51342387893958
16.147320597437567 8.870410128579108 12.508865363008338
16.143111557193283 8.86551809137076 12.504314824282021
16.13891070190362 8.860633819264319 12.499772260583969
16.134718025038033 8.855757314425135 12.495237669731583
16.13053352004107 8.850888579031592 12.49071104953633
16.126357180332377 8.846027615275094 12.486192397803736
16.122188999306715 8.841174425360082 12.4816817123334
16.118028970333917 8.836329011504002 12.47717899091896
16.113877086758936 8.831491375937365 12.47268423134815
16.10973334190182 8.82666152090368 12.46819743140275
16.10559772905769 8.821839448659482 12.463718588858585
16.101470241496806 8.817025161474358 12.459247701485582
16.09735087246451 8.81221866163091 12.45478476704771
16.09323961518122 8.807419951424748 12.450329783302983
16.08913646284249 8.80262903316455 12.44588274800352
16.085041408618945 8.797845909171986 12.441443658895466
16.080954445656317 8.793070581781766 12.437012513719042
16.076875567075444 8.788303053341636 12.43258931020854
16.072804765972258 8.78354332621236 12.428174046092309
16.068742035417777 8.77879140276773 12.423766719092754
16.064687368458134 8.774047285394563 12.419367326926348
16.06064075811456 8.769310976492722 12.41497586730364
16.056602197383366 8.76458247847507 12.410592337929218
16.052571679235992 8.759861793767517 12.406216736501754
16.048549196618946 8.755148924808998 12.401849060713971
16.04453474245385 8.750443874051463 12.397489308252656
16.04052830963742 8.745746643959905 12.393137476798662
16.036529891041486 8.741057237012342 12.388793564026914
16.03253947951295 8.736375655699815 12.38445756760638
16.028557067873827 8.731701902526389 12.380129485200108
16.024582648921232 8.727035980009168 12.3758093144652
16.020616215427374 8.722377890678269 12.371497053052822
16.01665776013957 8.717727637076855 12.367192698608212
16.012707275780222 8.713085221761103 12.362896248770662
16.008764755046833 8.70845064730022 12.358607701173526
16.004830190612008 8.703823916276438 12.354327053444223
16.000903575123456 8.699205031285025 12.35005430320424
15.996984901203982 8.694593994934275 12.345789448069128
15.993074161451476 8.689990809845499 12.341532485648488
15.989171348438937 8.685395478653042 12.33728341354599
15.98527645471447 8.680808004004287 12.333042229359378
15.981389472801268 8.676228388559633 12.32880893068045
15.977510395197628 8.67165663499251 12.32458351509507
15.973639214376941 8.667092745989372 12.320365980183157
15.969775922787695 8.6625367242497 12.316156323518697
15.965920512853488 8.65798857248601 12.31195454266975
15.962072976972994 8.653448293423839 12.307760635198417
15.958233307520015 8.648915889801756 12.303574598660886
15.954401496843431 8.644391364371362 12.299396430607397
15.950577537267225 8.639874719897268 12.295226128582247
15.946761421090482 8.63536595915713 12.291063690123806
15.942953140587377 8.630865084941625 12.286909112764501
15.939152688007201 8.62637210005446 12.282762394030831
15.935360055574321 8.621887007312363 12.278623531443342
15.93157523548822 8.6174098095451 12.27449252251666
15.92779821992347 8.612940509595457 12.270369364759464
15.924029001029751 8.608479110319252 12.266254055674501
15.920267570931822 8.60402561458532 12.26214659275857
15.91651392172957 8.599580025275545 12.258046973502557
15.91276804549795 8.595142345284815 12.253955195391383
15.909029934287037 8.590712577521057 12.249871255904047
15.905299580121998 8.586290724905233 12.245795152513615
15.901576975003092 8.581876790371311 12.241726882687201
15.897862110905686 8.577470776866315 12.237666443886
15.894154979780248 8.573072687350278 12.233613833565263
15.890455573552323 8.568682524796252 12.229569049174287
15.886763884122587 8.564300292190346 12.225532088156466
15.883079903366783 8.559925992531666 12.221502947949224
15.879403623135778 8.555559628832368 12.217481625984073
15.875735035255518 8.551201204117627 12.213468119686572
15.87207413152706 8.546850721425638 12.20946242647635
15.868420903726557 8.542508183807636 12.205464543767096
15.864775343605254 8.538173594327878 12.201474468966566
15.861137442889504 8.533846956063648 12.197492199476576
15.857507193280753 8.529528272105264 12.193517732693008
15.853884586455539 8.525217545556057 12.189551066005798
15.85026961406552 8.520914779532403 12.18559219679896
15.846662267737429 8.5166199771637 12.181641122450564
15.843062539073106 8.512333141592364 12.177697840332735
15.839470419649489 8.508054275973842 12.173762347811666
15.835885901018631 8.503783383476627 12.16983464224763
15.832308974707647 8.499520467282213 12.16591472099493
15.828739632218788 8.49526553058514 12.162002581401964
15.825177865029385 8.491018576592971 12.158098220811178
15.821623664591865 8.486779608526291 12.154201636559078
15.818077022333759 8.48254862961871 12.150312825976235
15.8145379296577 8.478325643116886 12.146431786387293
15.811006377941418 8.474110652280487 12.142558515110952
15.807482358537726 8.469903660382204 12.138693009459965
15.803965862774564 8.46570467070778 12.134835266741172
15.80045688195495 8.461513686555957 12.130985284255454
15.796955407357004 8.45733071123852 12.127143059297762
15.793461430233943 8.453155748080281 12.123308589157112
15.789974941814087 8.44898880041907 12.119481871116578
15.78649593330086 8.444829871605762 12.11566290245331
15.783024395872769 8.440678965004246 12.111851680438507
15.779560320683437 8.436536083991449 12.108048202337443
15.776103698861574 8.432401231957309 12.104252465409441
15.772654521510985 8.428274412304804 12.100464466907894
15.769212779710585 8.424155628449942 12.096684204080264
15.765778464514385 8.420044883821754 12.09291167416807
15.762351566951484 8.415942181862288 12.089146874406886
15.758932078026092 8.41184752602664 12.085389802026366
15.755519988717516 8.40776091978293 12.081640454250223
15.752115289980154 8.403682366612284 12.077898828296219
15.748717972743508 8.399611870008885 12.074164921376196
15.745328027912173 8.395549433479914 12.070438730696043
15.741945446365857 8.391495060545612 12.066720253455735
15.73857021895935 8.387448754739221 12.063009486849285
15.735202336522544 8.383410519607025 12.059306428064785
15.73184178986044 8.379380358708328 12.055611074284384
15.728488569753123 8.375358275615463 12.051923422684293
15.72514266695579 8.371344273913799 12.048243470434794
15.721804072198726 8.36733835720172 12.044571214700223
15.718472776187312 8.363340529090646 12.040906652638979
15.715148769602049 8.359350793205024 12.037249781403537
15.711832043098513 8.355369153182325 12.033600598140419
15.708522587307383 8.351395612673047 12.029959099990215
15.705220392834452 8.347430175340723 12.026325284087587
15.701925450260585 8.343472844861907 12.022699147561246
15.69863775014177 8.339523624926176 12.019080687533974
15.695357283009088 8.335582519236151 12.01546990112262
15.69208403936871 8.331649531507471 12.011866785438091
15.688818009701906 8.327724665468791 12.008271337585349
15.68555918446505 8.323807924861812 12.004683554663432
15.682307554089626 8.319899313441258 12.001103433765442
15.67906310898218 8.31599883497487 11.997530971978525
15.6758258395244 8.312106493243434 11.993966166383917
15.67259573607305 8.308222292040751 11.990409014056901
15.669372788959983 8.304346235173647 11.986859512066815
15.66615698849218 8.300478326461992 11.983317657477086
15.662948324951692 8.296618569738666 11.979783447345179
15.65974678859568 8.29276696884958 11.97625687872263
15.656552369656406 8.28892352765369 11.972737948655048
15.653365058341226 8.285088250022948 11.969226654182087
15.6501848448326 8.28126113984237 11.965722992337485
15.647011719288079 8.277442201009967 11.962226960149023
15.643845671840317 8.273631437436798 11.958738554638558
15.640686692597072 8.269828853046945 11.955257772822009
15.637534771641185 8.266034451777514 11.95178461170935
15.634389899030607 8.262248237578637 11.948319068304622
15.63125206479839 8.258470214413487 11.944861139605939
15.628121258952682 8.254700386258246 11.941410822605464
15.624997471476714 8.250938757102137 11.937968114289426
15.621880692328844 8.247185330947403 11.934533011638123
15.618770911442503 8.243440111809317 11.93110551162591
15.615668118726237 8.239703103716188 11.927685611221213
15.61257230406368 8.235974310709338 11.924273307386509
15.609483457313578 8.232253736843129 11.920868597078353
15.606401568309757 8.228541386184936 11.917471477247346
15.60332662686115 8.224837262815178 11.914081944838165
15.600258622751799 8.221141370827297 11.910699996789548
15.59719754574083 8.21745371432776 11.907325630034295
15.594143385562468 8.213774297436053 11.90395884149926
15.59109613192605 8.210103124284707 11.900599628105379
15.588055774515993 8.206440199019262 11.897247986767628
15.585022302991828 8.202785525798305 11.893903914395066
15.581995706988184 8.199139108793446 11.890567407890815
15.578975976114775 8.195500952189308 11.887238464152041
15.575963099956418 8.191871060183544 11.883917080069981
15.572957068073045 8.188249436986865 11.880603252529955
15.569957869999662 8.184636086822966 11.877296978411314
15.566965495246395 8.181031013928605 11.8739982545875
15.563979933298448 8.177434222553536 11.870707077925992
15.561001173616138 8.173845716960574 11.867423445288356
15.558029205634883 8.170265501425538 11.86414735353021
15.55506401876519 8.166693580237286 11.860878799501238
15.552105602392665 8.163129957697695 11.85761778004518
15.549153945878018 8.159574638121672 11.854364291999845
15.546209038557048 8.156027625837158 11.851118332197103
15.543270869740674 8.152488925185118 11.847879897462896
15.540339428714883 8.148958540519537 11.84464898461721
15.537414704740783 8.145436476207447 11.841425590474115
15.534496687054581 8.141922736628885 11.838209711841733
15.531585364867567 8.138417326176928 11.835001345522247
15.528680727366133 8.134920249257679 11.831800488311906
15.525782763711783 8.131431510290264 11.828607137001024
15.52289146304111 8.127951113706848 11.82542128837398
15.520006814465809 8.124479063952617 11.822242939209213
15.517128807072663 8.121015365485771 11.819072086279217
15.51425742992356 8.11756002277756 11.81590872635056
15.511392672055505 8.11411304031226 11.812752856183883
15.50853452248057 8.110674422587152 11.809604472533861
15.505682970185937 8.107244174112562 11.80646357214925
15.502838004133903 8.10382229941185 11.803330151772876
15.499999613261839 8.100408803021384 11.800204208141611
15.497167786482233 8.097003689490581 11.797085737986407
15.494342512682657 8.093606963381863 11.79397473803226
15.491523780725796 8.090218629270701 11.790871204998249
15.488711579449415 8.086838691745577 11.787775135597496
15.485905897666399 8.083467155408009 11.784686526537204
15.483106724164717 8.080104024872544 11.78160537451863
15.480314047707443 8.076749304766755 11.7785316762371
15.47752785703275 8.073402999731243 11.775465428381997
15.474748140853897 8.070065114419627 11.772406627636762
15.471974887859256 8.066735653498567 11.769355270678911
15.469208086712298 8.063414621647746 11.766311354180022
15.466447726051577 8.060102023559867 11.763274874805722
15.46369379449077 8.056797863940687 11.760245829215728
15.460946280618622 8.053502147508947 11.757224214063784
15.458205172999001 8.05021487899645 11.754210025997725
15.455470460170865 8.046936063148017 11.751203261659441
15.452742130648268 8.043665704721501 11.748203917684885
15.450020172920372 8.040403808487767 11.74521199070407
15.447304575451428 8.037150379230733 11.74222747734108
15.44459532668078 8.03390542174731 11.739250374214045
15.441892415022894 8.030668940847475 11.736280677935184
15.439195828867302 8.0274409413542 11.733318385110751
15.436505556578664 8.024221428103507 11.730363492341086
15.433821586496727 8.021010405944441 11.727415996220584
15.431143906936331 8.017807879739063 11.724475893337697
15.428472506187418 8.014613854362473 11.721543180274946
15.42580737251504 8.011428334702797 11.718617853608919
15.423148494159324 8.008251325661178 11.715699909910251
15.420495859335514 8.005082832151807 11.71278934574366
15.417849456233945 8.001922859101882 11.709886157667913
15.415209273020068 7.99877141145165 11.706990342235859
15.412575297834401 7.995628494154361 11.70410189599438
15.409947518792581 7.992494112176311 11.701220815484445
15.40732592398534 7.989368270496814 11.698347097241077
15.404710501478515 7.986250974108221 11.695480737793368
15.40210123931302 7.983142228015893 11.692621733664456
15.399498125504898 7.98004203723825 11.689770081371574
15.396901148045256 7.976950406806694 11.686925777425975
15.394310294900338 7.973867341765706 11.684088818333022
15.391725554011458 7.970792847172757 11.681259200592107
15.389146913295031 7.967726928098356 11.678436920696694
15.386574360642587 7.964669589626052 11.67562197513432
15.38400788392074 7.961620836852399 11.67281436038657
15.381447470971205 7.958580674886997 11.670014072929101
15.378893109610797 7.955549108852465 11.667221109231631
15.376344787631437 7.952526143884457 11.664435465757947
15.373802492800131 7.949511785131648 11.66165713896589
15.371266212858986 7.946506037755734 11.65888612530736
15.368735935525217 7.9435089069314575 11.656122421228337
15.366211648491127 7.940520397846569 11.653366023168848
15.363693339424133 7.937540515701867 11.650616927563
15.361180995966727 7.934569265711155 11.64787513083894
15.358674605736521 7.93160665310128 11.6451406294189
15.356174156326215 7.928652683112116 11.642413419719166
15.353679635303601 7.925707360996553 11.639693498150077
15.351191030211593 7.9227706920205225 11.636980861116058
15.34870832856818 7.919842681462974 11.634275505015577
15.346231517866451 7.916923334615886 11.631577426241169
15.343760585574614 7.914012656784274 11.628886621179443
15.34129551913595 7.911110653286161 11.626203086211056
15.338836305968858 7.908217329452622 11.62352681771074
15.336382933466833 7.905332690627748 11.62085781204729
15.333935388998453 7.9024567421686545 11.618196065583554
15.331493659907409 7.899589489445483 11.615541574676445
15.329057733512474 7.896730937841401 11.612894335676938
15.326627597107558 7.893881092752638 11.610254344930098
15.324203237961619 7.89103995958839 11.607621598775005
15.32178464331876 7.888207543770937 11.604996093544848
15.319371800398141 7.885383850735554 11.602377825566847
15.316964696394047 7.882568885930551 11.599766791162299
15.31456331847586 7.879762654817272 11.597162986646566
15.312167653788052 7.876965162870086 11.594566408329069
15.309777689450193 7.87417641557638 11.591977052513286
15.307393412556962 7.871396418436583 11.589394915496772
15.305014810178118 7.868625176964141 11.58681999357113
15.302641869358546 7.865862696685533 11.584252283022039
15.300274577118193 7.863108983140259 11.581691780129226
15.297912920452152 7.860364041880868 11.57913848116651
15.295556886330559 7.857627878472897 11.576592382401728
15.293206461698702 7.854900498494957 11.574053480096829
15.290861633476922 7.852181907538644 11.571521770507783
15.288522388560695 7.849472111208618 11.568997249884656
15.286188713820575 7.846771115122539 11.566479914471557
15.283860596102215 7.844078924911109 11.563969760506662
15.281538022226375 7.841395546218055 11.561466784222215
15.279220978988906 7.838720984700128 11.558970981844517
15.27690945316077 7.836055246027115 11.556482349593942
15.274603431488007 7.83339833588182 11.554000883684914
15.27230290069177 7.830750259960077 11.551526580325923
15.270007847468314 7.828111023970762 11.549059435719538
15.26771825848897 7.825480633635748 11.546599446062359
15.265434120400204 7.822859094689978 11.544146607545091
15.263155419823548 7.8202464128813745 11.541700916352461
15.260882143355644 7.817642593970931 11.539262368663287
15.258614277568238 7.815047643732644 11.536830960650441
15.256351809008162 7.812461567953537 11.53440668848085
15.254094724197364 7.809884372433681 11.531989548315522
15.251843009632871 7.807316062986147 11.529579536309509
15.249596651786824 7.80475664543706 11.527176648611942
15.247355637106455 7.802206125625549 11.524780881366002
15.245119952014093 7.799664509403789 11.522392230708942
15.242889582907171 7.797131802636972 11.520010692772072
15.240664516158224 7.794608011203332 11.517636263680778
15.238444738114875 7.792093140994107 11.515268939554492
15.236230235099843 7.78958719791358 11.512908716506711
15.23402099341096 7.787090187879057 11.510555590645009
15.231816999321143 7.784602116820867 11.508209558071005
15.22961823907843 7.782122990682386 11.505870614880408
15.22742469890592 7.779652815419992 11.503538757162957
15.225236365001841 7.777191597003096 11.501213981002469
15.223053223539514 7.774739341414156 11.498896282476835
15.220875260667347 7.7722960546486295 11.496585657657988
15.218702462508864 7.769861742715031 11.494282102611947
15.216534815162667 7.7674364116348755 11.491985613398771
15.214372304702474 7.765020067442725 11.4896961860726
15.212214917177095 7.76261271618616 11.487413816681627
15.210062638610427 7.760214363925786 11.485138501268107
15.207915455001498 7.757825016735247 11.482870235868372
15.205773352324396 7.755444680701206 11.480609016512801
15.20363631652833 7.753073361923358 11.478354839225844
15.201504333537603 7.750711066514415 11.47610770002601
15.19937738925161 7.748357800600131 11.47386759492587
15.19725546954486 7.746013570319281 11.47163451993207
15.195138560266946 7.743678381823672 11.469408471045309
15.193026647242565 7.7413522412781335 11.467189444260349
15.190919716271512 7.739035154860519 11.464977435566016
15.188817753128674 7.736727128761713 11.462772440945194
15.18672074356406 7.734428169185642 11.46057445637485
15.184628673302742 7.732138282349238 11.45838347782599
15.182541528044915 7.729857474482466 11.45619950126369
15.180459293465873 7.727585751828335 11.454022522647104
15.178381955215997 7.725323120642862 11.45185253792943
15.176309498920766 7.723069587195092 11.449689543057929
15.174241910180765 7.720825157767113 11.447533533973939
15.17217917457169 7.718589838654038 11.445384506612864
15.170121277644302 7.716363636163988 11.443242456904144
15.168068204924493 7.714146556618134 11.441107380771314
15.166019941913223 7.711938606350654 11.438979274131938
15.163976474086596 7.709739791708793 11.436858132897694
15.161937786895756 7.707550119052769 11.434743952974262
15.159903865766998 7.705369594755867 11.432636730261432
15.157874696101674 7.70319822520438 11.430536460653027
15.155850263276267 7.70103601679764 11.428443140036954
15.153830552642347 7.69888297594801 11.426356764295178
15.151815549526567 7.696739109080859 11.424277329303713
15.149805239230709 7.694604422634612 11.42220483093266
15.147799607031622 7.6924789230606985 11.42013926504616
15.145798638181272 7.690362616823582 11.418080627502427
15.14380231790673 7.688255510400769 11.416028914153749
15.141810631410145 7.686157610282771 11.413984120846457
15.139823563868775 7.684068922973138 11.411946243420957
15.137841100434981 7.681989454988448 11.409915277711715
15.135863226236209 7.679919212858303 11.407891219547256
15.133889926375026 7.677858203125339 11.405874064750183
15.131921185929071 7.6758064323452135 11.403863809137142
15.129956989951104 7.6737639070866175 11.40186044851886
15.127997323468966 7.671730633931256 11.399863978700111
15.12604217148561 7.669706619473876 11.397874395479743
15.124091518979082 7.667691870322254 11.395891694650668
15.122145350902521 7.665686393097182 11.393915871999852
15.120203652184175 7.663690194432482 11.391946923308328
15.118266407727383 7.661703280975011 11.389984844351197
15.116333602410585 7.659725659384648 11.388029630897616
15.114405221087313 7.657757336334296 11.386081278710805
15.112481248586215 7.6557983185099 11.384139783548058
15.110561669711025 7.6538486126104175 11.382205141160721
15.108646469240572 7.651908225347842 11.380277347294207
15.106735631928796 7.6499771634472005 11.378356397687998
15.104829142504714 7.648055433646517 11.376442288075616
15.10292698567247 7.646143042696883 11.374535014184676
15.101029146111284 7.644239997362394 11.372634571736839
15.099135608475493 7.642346304420187 11.37074095644784
15.097246357394505 7.640461970660402 11.368854164027454
15.095361377472853 7.638587002886235 11.366974190179544
15.093480653290158 7.636721407913895 11.365101030602027
15.091604169401146 7.634865192572624 11.363234680986885
15.089731910335628 7.633018363704688 11.361375137020158
15.087863860598524 7.631180928165379 11.359522394381951
15.086000004669852 7.629352892823018 11.357676448746435
15.084140327004734 7.627534264558966 11.35583729578185
15.082284812033368 7.625725050267587 11.354004931150477
15.080433444161073 7.623925256856295 11.352179350508685
15.078586207768264 7.622134891245519 11.350360549506892
15.076743087210435 7.620353960368713 11.348548523789574
15.07490406681821 7.618582471172378 11.346743268995294
15.073069130897292 7.616820430616028 11.34494478075666
15.07123826372847 7.615067845672192 11.34315305470033
15.069411449567664 7.613324723326453 11.341368086447059
15.067588672645872 7.611591070577415 11.339589871611643
15.065769917169185 7.609866894436686 11.337818405802935
15.063955167318813 7.608152201928935 11.336053684623874
15.062144407251045 7.606447000091842 11.334295703671444
15.060337621097277 7.604751295976106 11.332544458536692
15.058534792964004 7.603065096645472 11.330799944804738
15.056735906932817 7.601388409176698 11.329062158054757
15.054940947060416 7.599721240659591 11.327331093860003
15.053149897378582 7.598063598196952 11.325606747787766
15.051362741894202 7.59641548890464 11.323889115399421
15.049579464589268 7.594776919911522 11.322178192250394
15.04780004942085 7.593147898359497 11.320473973890174
15.046024480321158 7.591528431403511 11.318776455862334
15.044252741197454 7.5899185262115125 11.317085633704483
15.04248481593212 7.588318189964482 11.315401502948301
15.040720688382645 7.586727429856442 11.313724059119544
15.038960342381593 7.585146253094416 11.312053297738004
15.037203761736649 7.583574666898485 11.310389214317567
15.035450930230585 7.5820126785017505 11.308731804366168
15.03370183162128 7.580460295150325 11.307081063385802
15.031956449641699 7.578917524103366 11.305436986872532
15.030214767999908 7.577384372633041 11.303799570316475
15.02847677037909 7.575860848024572 11.30216880920183
15.026742440437502 7.574346957576182 11.300544699006842
15.02501176180851 7.572842708599135 11.298927235203823
15.023284718100573 7.571348108417713 11.297316413259143
15.021561292897266 7.569863164369247 11.295712228633256
15.01984146975724 7.5683878838040695 11.294114676780655
15.018125232214263 7.5669222740855595 11.292523753149911
15.01641256377719 7.565466342590112 11.29093945318365
15.014703447929978 7.564020096707158 11.289361772318568
15.012997868131677 7.562583543839145 11.287790705985412
15.011295807816445 7.561156691401558 11.286226249609001
15.009597250393536 7.5597395468229145 11.284668398608225
15.0079021792473 7.55833211754474 11.28311714839602
15.006210577737182 7.5569344110216115 11.281572494379397
15.004522429197735 7.555546434721116 11.280034431959425
15.002837716938604 7.554168196123872 11.278502956531238
15.001156424244531 7.5527997027235285 11.27697806348403
14.999478534375367 7.5514409620267635 11.275459748201065
14.997804030566051 7.550091981553287 11.273948006059669
14.996132896026614 7.548752768835813 11.272442832431214
14.994465113942203 7.547423331420108 11.270944222681155
14.992800667473059 7.546103676864963 11.26945217216901
14.991139539754506 7.544793812742185 11.267966676248346
14.989481713896991 7.543493746636615 11.266487730266803
14.98782717298604 7.542203486146132 11.265015329566086
14.986175900082285 7.540923038881617 11.263549469481951
14.984527878221465 7.539652412467012 11.262090145344239
14.982883090414393 7.538391614539253 11.260637352476824
14.98124151964701 7.537140652748332 11.25919108619767
14.979603148880331 7.535899534757247 11.25775134181879
14.977967961050481 7.5346682682420285 11.256318114646255
14.976335939068697 7.5334468608917575 11.254891399980227
14.974707065821281 7.532235320408507 11.253471193114894
14.97308132416967 7.531033654507404 11.252057489338537
14.971458696950366 7.529841870916583 11.250650283933474
14.969839166974994 7.528659977377229 11.249249572176112
14.968222717030262 7.527487981643528 11.247855349336895
14.966609329877993 7.526325891482723 11.246467610680359
14.964998988255104 7.525173714675069 11.245086351465087
14.96339167487359 7.524031459013836 11.243711566943713
14.961787372420567 7.522899132305341 11.242343252362954
14.960186063558243 7.521776742368925 11.240981402963584
14.95858773092393 7.520664297036959 11.239626013980445
14.956992357130027 7.519561804154826 11.238277080642426
14.955399924764032 7.518469271580953 11.236934598172493
14.953810416388555 7.517386707186782 11.235598561787668
14.952223814541295 7.516314118856802 11.234268966699048
14.950640101735043 7.515251514488509 11.232945808111776
14.949059260457709 7.514198901992436 11.231629081225073
14.947481273172286 7.513156289292147 11.230318781232217
14.945906122316867 7.5121236843242265 11.229014903320547
14.944333790304633 7.511101095038278 11.227717442671455
14.942764259523889 7.510088529396954 11.226426394460422
14.941197512338022 7.509085995375933 11.225141753856978
14.939633531085523 7.508093500963905 11.223863516024714
14.938072298079978 7.507111054162587 11.222591676121283
14.936513795610061 7.506138662986736 11.221326229298398
14.934958005939565 7.505176335464133 11.22006717070185
14.933404911307381 7.504224079635596 11.218814495471488
14.93185449392748 7.503281903554951 11.217568198741215
14.930306735988943 7.502349815289059 11.216328275639
14.928761619655942 7.5014278229178135 11.215094721286878
14.927219127067763 7.500515934534137 11.21386753080095
14.92567924033878 7.499614158243971 11.212646699291376
14.92414194155846 7.498722502166287 11.211432221862374
14.922607212791387 7.4978409744331 11.210224093612243
14.921075036077216 7.496969583189422 11.209022309633319
14.919545393430727 7.496108336593313 11.20782686501202
14.918018266841782 7.495257242815862 11.206637754828822
14.916493638275357 7.494416310041187 11.205454974158272
14.914971489671503 7.493585546466411 11.204278518068957
14.913451802945392 7.492764960301717 11.203108381623554
14.91193455998728 7.491954559770284 11.201944559878783
14.910419742662535 7.491154353108348 11.200787047885441
14.908907332811612 7.490364348565154 11.199635840688384
14.907397312250069 7.489584554402982 11.198490933326525
14.905889662768558 7.488814978897133 11.197352320832845
14.904384366132827 7.488055630335931 11.19621999823438
14.902881404083752 7.487306517020761 11.195093960552256
14.901380758337261 7.486567647265986 11.193974202801623
14.899882410584414 7.485839029399036 11.192860719991724
14.898386342491357 7.485120671760349 11.191753507125853
14.896892535699333 7.4844125827033965 11.190652559201364
14.895400971824703 7.483714770594684 11.189557871209693
14.893911632458895 7.483027243813724 11.188469438136309
14.892424499168454 7.482350010753082 11.187387254960768
14.890939553495027 7.4816830798183345 11.186311316656681
14.889456776955347 7.481026459428088 11.185241618191718
14.88797615104125 7.480380158013979 11.184178154527615
14.886497657219682 7.479744184020678 11.18312092062018
14.885021276932672 7.479118545905873 11.182069911419273
14.883546991597356 7.478503252140286 11.18102512186882
14.882074782605958 7.477898311207657 11.179986546906807
14.880604631325816 7.4773037316047635 11.17895418146529
14.879136519099358 7.476719521841413 11.177928020470386
14.877670427244121 7.476145690440438 11.17690805884228
14.876206337052711 7.4755822459376775 11.175894291495194
14.874744229792864 7.475029196882037 11.17488671333745
14.873284086707404 7.474486551835415 11.17388531927141
14.871825889014247 7.473954319372765 11.172890104193506
14.870369617906421 7.4734325080820465 11.171901062994234
14.868915254552041 7.472921126564254 11.170918190558147
14.867462780094325 7.472420183433418 11.169941481763871
14.866012175651575 7.471929687316576 11.168970931484075
14.864563422317227 7.471449646853825 11.168006534585526
14.863116501159784 7.470980070698257 11.16704828592902
14.861671393222855 7.470520967516011 11.166096180369433
14.86022807952515 7.470072345986245 11.165150212755698
14.858786541060478 7.469634214801149 11.164210377930814
14.857346758797744 7.469206582665942 11.163276670731843
14.855908713680964 7.468789458298868 11.162349085989916
14.85447238662923 7.4683828504312 11.161427618530215
14.853037758536747 7.467986767807229 11.160512263171988
14.85160481027282 7.467601219184294 11.159603014728557
14.850173522681835 7.4672262133327365 11.158699868007286
14.848743876583317 7.466861759035961 11.157802817809639
14.847315852771832 7.466507865090347 11.156911858931089
14.845889432017092 7.466164540305354 11.156026986161223
14.844464595063883 7.4658317935034395 11.155148194283662
14.8430413226321 7.46550963352009 11.154275478076094
14.841619595416738 7.4651980692038435 11.15340883231029
14.840199394087879 7.464897109416231 11.152548251752055
14.838780699290712 7.464606763031841 11.151693731161277
14.837363491645526 7.464327038938265 11.150845265291895
14.8359477517477 7.464057946036138 11.15000284889192
14.834533460167727 7.46379949323913 11.149166476703428
14.833120597451176 7.4635516894739045 11.14833614346254
14.831709144118728 7.463314543680189 11.147511843899458
14.830299080666173 7.4630880648107265 11.14669357273845
